tree
version=v3
num_class=1
num_tree_per_iteration=1
label_index=0
max_feature_idx=11
objective=binary sigmoid:1
feature_names=tmax tmin prcp month day daily_Cd daily_Ca Cd_cumsum Ca_cumsum lat long alt
feature_infos=[1.8999999999999999:32.200000000000003] [-4.5999999999999996:23.399999999999999] [0:111.5] [3:4] [1:31] [-3.5:0] [0:20.25] [-377.50274846282201:-1.6499999999999999] [2.7999999999999998:295.25] [34.685833333333299:35.276111111111099] [132.07055555555601:139.363055555556] [2.7000000000000002:87.299999999999997]
tree_sizes=1664 1648 1647 1653 1656

Tree=0
num_leaves=15
num_cat=0
split_feature=3 8 8 10 4 9 4 8 4 8 4 4 5 8
split_gain=148.824 58.8988 50.8388 33.6479 20.7843 15.1179 13.102 11.5493 9.73436 9.93783 6.34821 9.32834 7.36135 7.95289
threshold=3.5000000000000004 187.97500000000005 231.00000000000003 135.98833333333354 10.500000000000002 35.091250000000009 19.500000000000004 94.075000000000003 27.500000000000004 153.17500000000004 15.500000000000002 6.5000000000000009 -0.55000000000000038 162.27500000000001
decision_type=2 2 2 10 2 8 2 2 2 2 2 2 2 2
left_child=1 8 3 5 -4 10 7 -5 -1 -10 11 12 -2 -14
right_child=2 -3 4 6 -6 -7 -8 -9 9 -11 -12 -13 13 -15
leaf_value=-0.54188123516724518 -0.47286853939324436 -0.23132410418424162 -0.3029911344110886 -0.54188123516724518 -0.53247041301624509 -0.54188123516724518 -0.4827274959323874 -0.19263516867457448 -0.50047361770284471 -0.25202791291644189 -0.54188123516724518 -0.23889866835455875 -0.54188123516724351 -0.21653566937552718
leaf_weight=48.783296018838882 4.3470263779163361 7.7280468940734854 6.2790381014347103 0.96600586175918479 10.626064479351042 3.6225219815969458 1.690510258078574 47.817290157079697 4.8300293087959281 2.4150146543979645 1.2075073271989811 9.9015600830316526 0.96600586175919456 3.3810205161571503
leaf_count=202 18 32 26 4 44 15 7 198 20 10 5 41 4 14
internal_value=-0.373016 -0.490122 -0.290792 -0.255005 -0.447235 -0.354053 -0.209035 -0.199551 -0.525818 -0.417658 -0.319694 -0.305266 -0.380852 -0.288835
internal_weight=0 63.7564 90.8046 73.8994 16.9051 23.4256 50.4738 48.7833 56.0283 7.24504 19.8031 18.5956 8.69405 4.34703
internal_count=640 264 376 306 70 97 209 202 232 30 82 77 36 18
is_linear=0
shrinkage=1


Tree=1
num_leaves=15
num_cat=0
split_feature=3 8 8 10 4 9 4 8 4 10 7 4 4 5
split_gain=122.15 49.2315 40.4926 26.0309 17.5002 12.561 10.2614 9.12573 8.55732 8.6119 5.37273 5.2253 7.32503 6.00389
threshold=3.5000000000000004 187.97500000000005 231.00000000000003 135.98833333333354 10.500000000000002 35.091250000000009 19.500000000000004 94.075000000000003 27.500000000000004 136.74263888888902 -258.64221452531848 15.500000000000002 6.5000000000000009 -0.55000000000000038
decision_type=2 2 2 10 2 8 2 2 2 10 2 2 2 2
left_child=1 8 3 5 10 11 7 -5 -1 -10 -4 12 13 -2
right_child=2 -3 4 6 -6 -7 -8 -9 9 -11 -12 -13 -14 -15
leaf_value=-0.15816530403251738 -0.091857832386014859 0.1246830126582309 -0.10565210098959953 -0.15816530403251738 -0.14896460498262565 -0.15816530403251738 -0.10117284897568871 0.15803498412374439 -0.13782371375597496 0.08316507673391553 0.11261500456855073 -0.15816530403251738 0.11812939907097447 0.074816106772386939
leaf_weight=46.967011064291 4.2575309872627258 7.8939256668090811 1.4660935699939726 0.93003982305526633 10.255723893642424 3.4876493364572516 1.6518838107585896 49.043609797954559 4.0167901515960684 3.143456369638443 4.8869785666465786 1.1625497788190831 10.105131492018698 4.3893314898014157
leaf_count=202 18 32 6 4 44 15 7 198 17 13 20 5 41 18
internal_value=0 -0.108616 0.0731107 0.104387 -0.068174 0.0169009 0.144045 0.15215 -0.14264 -0.0408063 0.0622457 0.0475604 0.0603146 -0.00725059
internal_weight=0 62.0212 91.6365 75.0277 16.6088 23.4022 51.6255 49.9736 54.1273 7.16025 6.35307 19.9145 18.752 8.64686
internal_count=640 264 376 306 70 97 209 202 232 30 26 82 77 36
is_linear=0
shrinkage=0.1


Tree=2
num_leaves=15
num_cat=0
split_feature=3 8 4 9 8 8 10 8 4 4 8 10 4 8
split_gain=101.433 41.6159 33.6275 25.7165 18.4895 10.5125 10.2206 9.54204 9.87922 7.67926 7.42918 5.64752 5.12186 5.61902
threshold=3.5000000000000004 187.97500000000005 15.500000000000002 1.0000000180025095e-35 173.22500000000002 250.12500000000003 135.98833333333354 117.825 9.5000000000000018 27.500000000000004 153.17500000000004 138.88347222222254 6.5000000000000009 162.27500000000001
decision_type=2 2 2 10 2 2 10 2 2 2 2 10 2 2
left_child=1 9 3 -2 -4 6 12 8 -8 -1 -11 -9 13 -5
right_child=2 -3 4 5 -6 -7 7 11 -10 10 -12 -13 -14 -15
leaf_value=-0.14965622590089731 -0.15075510403525128 0.11096891576711874 0.16647579167911078 -0.12306283291222982 -0.1536673914275426 -0.03453086083112044 -0.11288095435856199 0.16069069068358802 0.20352056462970014 -0.11265016474492795 0.10251840942811641 0.039698977249559481 0.096569365591708561 0.049551127943274514
leaf_weight=44.785298883914948 4.2347419410943976 7.9772982597351065 2.2292476892471305 2.7960359454154986 9.4569296389818174 5.2126885056495658 2.8862391710281363 42.148283109068871 1.4995511770248411 4.5896763354539862 2.4672831892967224 4.2465515583753577 10.923396319150923 5.7932974100112915
leaf_count=202 19 32 9 12 42 22 12 169 6 20 10 17 44 24
internal_value=0 -0.10166 0.0658245 0.0890415 -0.0925971 0.10249 0.112651 0.136288 -0.00469971 -0.134378 -0.037422 0.149616 0.051138 -0.0066389
internal_weight=0 59.8196 91.427 79.7408 11.6862 75.506 70.2934 50.7806 4.38579 51.8423 7.05696 46.3948 19.5127 8.58933
internal_count=640 264 376 325 51 306 284 204 18 232 30 186 80 36
is_linear=0
shrinkage=0.1


Tree=3
num_leaves=15
num_cat=0
split_feature=3 8 4 9 8 8 10 8 4 4 10 10 4 4
split_gain=84.9605 35.5058 27.6333 21.2325 15.6354 8.5151 8.35309 7.67853 8.09116 6.97452 6.61614 4.6047 4.44859 4.11567
threshold=3.5000000000000004 187.97500000000005 15.500000000000002 1.0000000180025095e-35 173.22500000000002 250.12500000000003 135.98833333333354 117.825 9.5000000000000018 27.500000000000004 136.74263888888902 138.88347222222254 10.500000000000002 6.5000000000000009
decision_type=2 2 2 10 2 2 10 2 2 2 10 10 2 2
left_child=1 9 3 -2 -4 6 13 8 -8 -1 -11 -9 -7 -5
right_child=2 -3 4 5 -6 12 7 11 -10 10 -12 -13 -14 -15
leaf_value=-0.1427542034423033 -0.14366766063291558 0.099567691436268313 0.14970302858803824 -0.0060952157039681478 -0.14611851912582347 0.041793119693260466 -0.10331126845016592 0.14495029120018035 0.18445761708026509 -0.12420466687930763 0.07206129472233784 0.035710988585802607 -0.14887198057137499 0.086504475068991948
leaf_weight=42.379161536693573 4.0107872188091269 7.9999623298645011 2.2307479679584494 8.5324662327766436 8.9756476283073408 3.1917466372251502 2.8405799865722647 42.0530004799366 1.489350378513336 3.7571348845958701 3.1639838814735413 4.2485603839159003 1.9846162050962446 10.971743971109388
leaf_count=202 19 32 9 36 42 13 12 169 6 17 13 17 9 44
internal_value=0 -0.0958446 0.0597578 0.080524 -0.0872322 0.0924634 0.101598 0.123018 -0.00432845 -0.127554 -0.0344818 0.134927 -0.0313078 0.0459951
internal_weight=0 57.3002 90.5292 79.3229 11.2064 75.3121 70.1357 50.6315 4.32993 49.3003 6.92112 46.3016 5.17636 19.5042
internal_count=640 264 376 325 51 306 284 204 18 232 30 186 22 80
is_linear=0
shrinkage=0.1


Tree=4
num_leaves=15
num_cat=0
split_feature=3 8 8 9 4 10 4 8 4 8 0 2 6 7
split_gain=71.6703 30.5123 23.2176 14.2362 11.221 7.20481 6.41683 5.64937 5.34126 5.29057 4.54484 4.79936 4.52026 3.2671
threshold=3.5000000000000004 187.97500000000005 231.00000000000003 1.0000000180025095e-35 10.500000000000002 135.98833333333354 27.500000000000004 153.17500000000004 19.500000000000004 94.075000000000003 18.450000000000003 20.400000000000002 6.6750000000000016 -187.27585029232748
decision_type=2 2 2 10 2 10 2 2 2 2 2 2 2 2
left_child=1 6 3 -2 10 -5 -1 -8 9 -7 11 -4 -9 -11
right_child=2 -3 4 5 -6 8 7 12 -10 13 -12 -13 -14 -15
leaf_value=-0.13706648354935014 -0.13699196180249759 0.089861841571697576 0.15136002472414534 0.035696756589887982 -0.12958207211765671 -0.14000206775821716 -0.10113640064578829 0.1553733824459699 -0.079888045196381818 0.12591124071591894 -0.063367914974263292 -0.18154048916120702 -0.18377870364076065 0.043802945098989153
leaf_weight=39.853844881057739 2.9567085206508628 7.9784502983093253 3.4728831201791759 19.745820254087448 8.9419443011283857 0.8163447380065908 4.3012943118810645 1.989692270755768 1.4870228320360173 43.193368613719933 2.4501997083425522 0.49476265907287587 0.48970451951026905 5.4584706127643647
leaf_count=202 15 32 14 82 44 4 20 8 7 176 10 2 2 22
internal_value=0 -0.090849 0.0546658 0.0779872 -0.0571716 0.0869776 -0.121766 -0.0318359 0.10685 0.112463 0.0437175 0.109848 0.0883876 0.116699
internal_weight=0 54.613 89.0175 73.6577 15.3598 70.701 46.6345 6.78069 50.9552 49.4682 6.41785 3.96765 2.4794 48.6518
internal_count=640 264 376 306 70 291 232 30 209 202 26 16 10 198
is_linear=0
shrinkage=0.1


end of trees

feature_importances:
day=22
Ca_cumsum=22
long=9
month=5
lat=5
daily_Cd=2
Cd_cumsum=2
tmax=1
prcp=1
daily_Ca=1

parameters:
[boosting: gbdt]
[objective: binary]
[metric: binary_logloss,auc,binary_error]
[tree_learner: serial]
[device_type: cpu]
[data: ]
[valid: ]
[num_iterations: 5]
[learning_rate: 0.1]
[num_leaves: 15]
[num_threads: 0]
[deterministic: 0]
[force_col_wise: 0]
[force_row_wise: 0]
[histogram_pool_size: -1]
[max_depth: -1]
[min_data_in_leaf: 2]
[min_sum_hessian_in_leaf: 0.001]
[bagging_fraction: 1]
[pos_bagging_fraction: 1]
[neg_bagging_fraction: 1]
[bagging_freq: 0]
[bagging_seed: 3]
[feature_fraction: 1]
[feature_fraction_bynode: 1]
[feature_fraction_seed: 2]
[extra_trees: 0]
[extra_seed: 6]
[early_stopping_round: 0]
[first_metric_only: 0]
[max_delta_step: 0]
[lambda_l1: 0]
[lambda_l2: 0]
[linear_lambda: 0]
[min_gain_to_split: 0]
[drop_rate: 0.1]
[max_drop: 50]
[skip_drop: 0.5]
[xgboost_dart_mode: 0]
[uniform_drop: 0]
[drop_seed: 4]
[top_rate: 0.2]
[other_rate: 0.1]
[min_data_per_group: 100]
[max_cat_threshold: 32]
[cat_l2: 10]
[cat_smooth: 10]
[max_cat_to_onehot: 4]
[top_k: 20]
[monotone_constraints: ]
[monotone_constraints_method: basic]
[monotone_penalty: 0]
[feature_contri: ]
[forcedsplits_filename: ]
[refit_decay_rate: 0.9]
[cegb_tradeoff: 1]
[cegb_penalty_split: 0]
[cegb_penalty_feature_lazy: ]
[cegb_penalty_feature_coupled: ]
[path_smooth: 0]
[interaction_constraints: ]
[verbosity: 1]
[saved_feature_importance_type: 0]
[linear_tree: 0]
[max_bin: 25]
[max_bin_by_feature: ]
[min_data_in_bin: 1]
[bin_construct_sample_cnt: 200000]
[data_random_seed: 1]
[is_enable_sparse: 1]
[enable_bundle: 1]
[use_missing: 1]
[zero_as_missing: 0]
[feature_pre_filter: 1]
[pre_partition: 0]
[two_round: 0]
[header: 0]
[label_column: ]
[weight_column: ]
[group_column: ]
[ignore_column: ]
[categorical_feature: ]
[forcedbins_filename: ]
[precise_float_parser: 0]
[objective_seed: 5]
[num_class: 1]
[is_unbalance: 0]
[scale_pos_weight: 1]
[sigmoid: 1]
[boost_from_average: 1]
[reg_sqrt: 0]
[alpha: 0.9]
[fair_c: 1]
[poisson_max_delta_step: 0.7]
[tweedie_variance_power: 1.5]
[lambdarank_truncation_level: 30]
[lambdarank_norm: 1]
[label_gain: ]
[eval_at: ]
[multi_error_top_k: 1]
[auc_mu_weights: ]
[num_machines: 1]
[local_listen_port: 12400]
[time_out: 120]
[machine_list_filename: ]
[machines: ]
[gpu_platform_id: -1]
[gpu_device_id: -1]
[gpu_use_dp: 0]
[num_gpu: 1]

end of parameters
